93,1547,294,3015,8789,3035,1402,105,46,3862,3933,313,114,278,2525,1142,231,1996,623,2638,1453,103,1275,853,961,516,98,927,31,2038,68,3245,1379,1073,4287,1069,268,550,2196,137,1428,58,703,13373,1543,1406,130,597,160,96,72
78,934,547,2507,10059,3244,1718,112,64,2973,1703,310,168,191,1721,888,237,1874,672,2506,1077,176,1028,1399,710,625,49,1100,96,1711,303,3024,1200,1680,4162,834,375,535,2331,200,664,53,268,12639,1465,1077,105,621,359,76,65
110,719,852,1700,9978,3056,2357,150,85,4145,1815,274,265,537,2324,1187,213,2828,860,2673,2417,226,1647,791,997,1117,208,2348,264,2702,367,4359,1112,1159,6339,1530,739,619,4228,357,1250,12,472,22537,1478,1674,210,1092,563,252,88
315,1911,1554,1336,7503,2554,2467,168,136,5648,2753,596,354,633,2483,1050,209,5492,1485,3611,2028,210,2687,1738,1383,1532,257,4631,329,2624,342,5110,1485,943,9129,1726,931,888,4942,476,1750,93,1417,32836,2241,2541,426,1844,883,463,116
289,3844,3298,1713,10090,3691,2712,234,297,4828,3820,574,582,580,4012,2113,755,5294,4458,3483,2042,442,1869,1673,3208,3756,265,8262,479,2742,314,5857,868,1176,8681,2583,3091,877,5426,572,3386,120,3302,49515,3239,5193,410,2482,855,863,128
632,5387,5348,1729,8354,5562,2658,301,393,6612,6373,494,704,1140,3359,2305,420,5410,7632,3718,3908,689,1575,2015,3687,4417,582,11573,502,2011,394,7124,987,918,11916,3085,5036,1690,6136,983,6848,155,6038,61404,3842,9446,275,2279,843,894,198
1092,5082,5951,1411,11932,7257,2077,335,367,6675,5010,533,1400,829,5665,3706,1336,3281,8973,3038,2652,744,2112,2479,4555,5804,800,9948,585,1486,505,7237,1270,920,14168,3821,6181,1968,6997,912,5488,154,3485,55550,4067,10333,446,3635,1432,1220,201
925,4415,5797,1274,12308,8094,1767,331,282,6610,5145,521,1901,1277,5207,4295,1934,3097,8675,2590,3395,762,2076,3661,6250,2359,969,8375,856,1447,440,7672,1748,1972,12930,5598,6268,3211,6556,829,4239,127,2125,47106,4069,12197,415,2263,1954,1771,171
792,3014,6882,1440,14618,7532,1991,236,171,4383,3255,533,2470,565,5330,6079,2050,1672,5655,1916,4007,659,2998,2448,6469,2190,1314,4801,919,535,371,5717,1740,1541,7905,5797,5167,3528,7017,575,4024,80,1677,46056,3693,10171,239,2598,2911,1362,182
752,2280,4370,1426,11745,6891,1602,253,186,4066,2448,417,3077,566,6338,5416,2258,1293,4740,1677,3583,798,3651,2213,5641,1205,710,3498,792,462,319,6100,2438,1519,7609,7528,4169,4062,7715,573,2723,136,1495,37734,2832,9506,245,4775,4019,675,201
636,1682,4662,1394,9534,5406,1168,251,89,3476,3127,327,2751,632,6776,7469,2262,1390,2712,1787,4994,832,5051,3201,8453,987,812,2918,513,288,264,5509,2727,962,8362,6096,3220,4675,6406,593,2189,103,2268,29130,2284,8396,238,7184,4390,606,123
321,724,2317,1341,10644,3312,1113,203,83,3325,2850,193,1962,525,4642,3980,1245,1263,1737,2056,3856,1058,5630,1636,6391,249,348,2505,348,224,218,4195,864,1132,7398,5143,1514,4684,3702,402,1716,98,705,15168,1680,4763,229,5009,4166,412,102
140,845,1600,1310,6957,2056,1161,146,47,1351,3058,171,817,499,4424,2475,807,665,1205,2131,2594,651,4795,1472,3707,331,198,1904,216,283,146,2826,355,563,5966,3620,452,1621,4526,347,1307,15,1016,11174,836,2873,108,2653,2822,339,63
247,400,658,940,6466,1327,665,41,39,1758,2614,448,445,177,3059,897,471,539,1012,2512,1083,654,3331,999,1245,191,56,1648,207,138,146,2178,309,539,3643,1734,183,745,3039,227,919,20,1011,6920,679,2074,105,1118,2260,307,59
225,124,284,818,2707,933,771,73,10,939,1280,199,338,70,2587,685,183,103,658,1988,597,555,1657,857,737,327,45,707,108,84,80,1539,295,202,3464,918,100,337,1477,173,624,15,0,6907,344,760,122,380,1566,168,20
424,145,248,1510,3040,672,448,39,2,1439,851,200,134,13,1146,642,157,58,443,1296,309,405,1049,600,148,136,23,416,100,69,44,984,187,324,1932,526,70,118,610,93,248,13,349,5632,261,703,77,175,1119,50,34
425,140,73,1255,1571,398,254,31,0,966,640,235,56,14,787,233,81,46,240,588,145,206,683,363,123,0,15,290,28,15,22,603,125,274,801,263,0,37,195,39,158,16,166,3116,164,230,37,70,435,41,29
412,111,61,962,1483,442,79,32,1,1039,646,159,59,15,844,252,71,36,465,387,65,92,468,355,73,207,6,133,36,0,27,578,90,103,306,91,13,119,60,34,157,6,329,3177,138,80,33,76,412,17,20
330,128,17,408,1234,388,85,17,1,1019,433,154,78,15,353,174,19,22,319,344,31,40,323,304,19,126,9,77,16,0,12,282,38,0,253,82,12,48,0,10,84,0,217,3028,57,0,28,37,204,4,9
0,53,50,630,437,246,43,11,0,1224,557,101,36,4,445,0,23,19,263,212,54,140,329,442,28,0,5,202,18,36,11,223,77,0,148,52,28,58,28,8,19,0,162,2152,49,77,17,28,209,3,1
0,29,88,444,608,371,18,13,0,1027,361,171,27,4,106,30,21,9,304,149,0,0,237,297,10,376,4,102,62,34,8,220,30,0,146,55,0,0,37,3,18,7,121,2798,29,163,10,42,99,2,4
0,78,22,273,505,374,12,11,0,1285,194,180,13,5,176,0,49,0,128,175,28,0,177,105,3,173,13,73,32,0,6,213,30,0,174,26,0,44,84,2,86,0,354,1361,62,0,8,49,60,6,5
30,77,0,278,930,295,0,10,0,868,126,123,4,5,0,0,0,6,189,102,39,0,170,62,22,126,12,44,15,0,11,154,27,0,47,34,9,120,38,0,0,7,293,1501,47,0,8,27,17,1,0
49,40,0,83,377,122,0,7,0,607,168,118,0,0,36,0,0,0,120,69,19,0,56,68,0,140,9,46,0,0,5,145,24,0,50,53,0,0,0,0,60,0,142,646,107,0,16,21,32,3,3
65,42,0,69,91,107,0,12,0,479,178,104,3,0,29,0,0,11,28,39,0,0,47,0,1,106,0,0,19,0,4,67,6,0,44,9,0,0,43,0,16,0,58,546,58,40,7,13,21,0,3
61,44,0,58,205,43,0,5,0,543,215,71,0,0,55,0,0,0,135,0,0,0,30,70,3,291,0,0,0,38,5,90,9,0,8,51,7,52,0,1,0,0,0,922,11,0,22,15,46,2,1
74,17,0,87,475,78,0,5,0,539,168,77,6,0,57,0,21,0,69,75,0,0,28,54,0,246,0,0,0,0,4,113,52,0,19,71,0,31,21,0,0,0,0,513,53,117,0,28,34,4,7
64,54,0,109,271,0,0,0,0,636,155,102,0,0,0,0,0,3,0,26,0,0,33,0,0,219,0,0,0,0,0,0,0,0,16,0,0,0,0,0,13,5,0,435,50,0,0,29,0,0,4
56,64,0,29,231,16,0,2,0,505,118,37,0,0,0,0,0,6,41,36,0,0,30,0,0,217,5,0,0,0,4,44,13,0,33,56,0,0,22,0,45,0,0,615,0,40,0,23,16,0,0
74,90,0,0,153,74,0,1,0,642,84,49,5,0,0,0,0,0,0,27,13,0,17,0,1,0,0,0,0,0,0,28,7,0,24,14,7,0,0,0,12,8,0,697,109,34,0,30,7,0,1
82,52,20,0,68,52,0,3,0,621,67,34,9,0,46,0,0,5,162,19,17,0,25,47,0,0,8,0,0,0,2,60,0,0,23,26,0,29,0,0,75,0,0,447,10,0,0,23,11,0,0
0,98,0,0,363,18,0,0,0,480,67,26,6,0,0,0,0,0,0,0,14,0,7,0,0,0,0,0,0,0,0,0,7,0,33,6,9,36,0,0,37,0,0,175,0,0,0,23,0,4,2
0,160,0,47,366,96,10,0,0,535,83,16,5,0,39,0,47,0,38,0,0,0,0,0,0,0,0,0,0,0,1,10,9,56,7,8,0,0,21,0,11,0,0,175,42,0,0,5,0,2,6
0,330,0,0,263,24,0,0,0,802,265,6,4,0,0,0,0,0,141,15,0,0,49,47,3,0,0,0,0,0,0,0,0,29,60,13,0,0,0,0,0,0,0,301,18,0,0,8,5,0,2
0,481,0,154,432,133,8,0,0,1406,467,30,0,0,0,0,29,0,255,19,0,0,76,59,3,0,0,0,0,0,0,0,0,44,35,30,0,0,0,0,45,0,0,289,0,0,0,12,0,0,5
0,511,0,85,355,131,12,1,0,1889,198,95,0,0,47,0,0,0,138,83,0,0,163,0,3,0,7,0,0,0,0,21,0,59,57,21,0,0,0,0,26,0,0,579,0,0,0,9,12,1,3
0,381,0,106,230,0,86,4,0,1531,216,44,1,0,133,34,0,18,97,42,22,0,326,32,0,0,0,43,0,0,0,61,13,0,71,32,0,23,23,0,0,0,0,465,28,0,0,15,0,1,7
0,177,25,0,385,28,19,5,0,1670,164,62,0,0,62,0,0,0,163,58,24,22,138,62,9,91,0,37,10,0,0,95,11,51,87,56,0,20,21,1,0,0,0,712,29,0,0,0,13,2,6
0,263,0,0,347,67,14,5,1,1619,268,53,0,10,324,0,29,0,426,26,8,22,62,38,7,56,0,26,7,0,1,76,5,0,87,35,0,19,0,1,0,0,0,897,25,0,0,41,20,0,13
0,168,0,32,487,37,5,1,0,532,404,59,0,0,100,22,0,8,408,16,132,0,36,0,7,75,13,63,7,0,1,45,4,0,30,13,0,38,0,0,0,0,0,1123,70,0,0,67,15,0,40
0,188,71,146,672,192,0,4,1,804,471,30,25,30,320,24,0,0,463,71,39,0,5,24,4,0,0,54,3,0,1,71,0,99,78,15,0,16,0,2,27,0,364,1343,29,0,0,60,24,3,29
0,73,33,110,761,178,24,4,0,717,383,104,0,35,0,0,0,16,933,16,53,0,31,58,0,189,4,66,18,0,2,86,0,148,48,23,0,29,0,1,31,0,0,1635,43,34,0,103,28,2,34
0,206,76,132,1140,132,33,7,1,931,818,61,0,133,125,40,0,8,1359,47,47,0,58,50,5,151,9,107,32,25,5,128,0,197,100,30,0,29,34,2,98,0,0,3156,49,35,0,52,30,8,34
0,309,94,74,2050,238,20,6,1,1162,1043,54,8,58,211,26,0,29,2116,16,131,0,27,67,12,0,0,221,42,0,5,127,18,264,168,44,22,68,0,2,42,0,154,7215,38,72,4,91,38,5,39
0,292,112,292,4961,377,36,11,3,2859,1278,60,24,28,211,145,0,68,3640,17,171,10,53,22,9,63,0,68,123,72,12,231,48,1541,223,42,47,115,90,2,109,0,209,13503,114,121,4,115,41,0,35
0,445,111,628,7143,567,37,19,2,2798,2279,101,29,33,283,215,0,284,5341,34,0,12,120,111,109,276,35,216,150,375,9,475,154,1850,347,75,97,201,104,8,260,0,482,13986,122,32,4,374,90,0,38
232,1327,244,952,7559,844,51,37,5,3855,5044,78,23,64,736,198,21,324,8211,123,209,0,249,172,105,500,6,458,158,1031,22,704,244,2167,541,177,154,452,89,14,317,0,1733,24979,248,105,5,676,256,2,40
59,1643,333,1654,10289,1597,161,65,12,6906,6491,165,13,172,766,536,71,474,6714,416,640,0,481,710,98,1290,59,778,289,1211,35,1329,395,2621,1242,251,335,804,279,28,620,13,2905,27575,613,986,16,1386,328,10,32
54,1560,519,1597,11213,1935,196,47,25,5015,4644,220,83,191,998,338,145,684,3897,491,1014,18,792,653,248,691,47,1407,243,939,40,1582,592,2008,1597,488,476,1286,684,44,847,0,1453,21273,539,1081,31,2459,504,10,49
356,2013,982,1233,12820,2982,300,155,25,7273,10142,158,111,396,2093,759,99,1658,3813,632,1971,147,1416,936,517,1779,95,2586,420,2226,115,2603,758,924,3288,1018,1319,2390,1254,109,1771,12,3508,37198,765,1653,43,5217,998,16,158
507,3590,1002,1372,22398,4735,681,308,136,8564,17118,214,316,464,4679,2248,718,3358,3432,1611,3628,177,3157,2519,1277,3050,160,4930,866,2130,211,4457,2744,1206,5535,2329,3084,3392,2546,226,3921,13,7520,67215,1488,4884,37,7154,2143,156,229
1416,4999,4008,2809,27029,6596,1791,558,462,14217,26722,305,1688,613,10133,6232,889,7153,5779,3145,6015,401,4586,6152,4125,3606,389,7071,1301,5331,596,9574,4314,1105,14021,5170,5723,4502,7722,505,7347,86,16444,102941,3290,6672,94,8221,2896,592,626
1416,4999,4008,2809,27029,6596,1791,558,462,14217,26722,305,1688,613,10133,6232,889,7153,5779,3145,6015,401,4586,6152,4125,3606,389,7071,1301,5331,596,9574,4314,1105,14021,5170,5723,4502,7722,505,7347,86,16444,102941,3290,6672,94,8221,2896,592,626
646,3641,1365,2571,29726,5998,2227,331,291,7779,14629,375,1364,367,8081,2229,1456,3356,4274,4012,5914,407,3231,2265,2864,1911,417,5669,810,3364,374,7745,4299,834,13505,3957,4805,3251,8242,365,5141,110,9119,59727,3477,6339,164,5555,2059,455,203
510,2025,2086,2228,26020,5603,2723,251,254,6810,10325,275,973,263,6736,1634,1296,2194,2620,3999,5462,243,3024,1521,1532,1591,266,5857,625,2014,457,7934,6182,1109,9792,2949,3116,2127,6343,554,3279,65,5549,52454,2530,4715,106,3798,2065,339,404
255,2400,4149,3252,30953,6004,3713,257,298,7250,9692,397,1093,131,8744,1838,1747,3022,3403,5681,5702,688,3463,1932,5389,1460,250,5106,613,2042,501,8775,3583,912,13614,4293,4873,1621,8372,855,4051,83,3555,61432,4217,5079,348,3124,2772,639,754
634,3152,3391,5038,35291,7748,5299,342,255,11927,9753,524,1322,209,12261,3360,1492,3242,5191,7876,7646,840,5934,2528,9250,1767,566,5775,701,1939,628,10560,2732,2090,18775,7282,4001,1941,9148,905,4191,76,6579,59345,4634,7400,320,3733,3828,1059,1175
433,4914,8250,3730,34680,7700,6849,359,431,12249,12337,536,1978,265,16441,4777,2041,5007,7470,9022,9027,1032,7120,3378,11368,1879,700,7515,673,1596,958,11673,2392,1186,21825,11696,4522,1560,13069,1448,6470,196,9593,65969,4616,10697,683,3914,5327,2185,754
206,5303,5442,3447,31870,8357,7129,299,178,9384,11358,580,2889,118,21201,6399,2840,6216,7765,10214,8870,1295,8156,3858,12113,3026,515,8828,941,1757,1085,11797,1815,1412,25037,11837,4500,1286,13301,1615,8991,316,7551,53405,4219,12477,620,2934,6599,2584,745
105,3617,5405,2913,31644,5824,6032,338,421,7994,7080,595,3310,293,15534,6970,2908,4554,6101,7926,7339,1384,8650,5052,8789,2027,535,7104,1556,1319,1221,9273,1352,1324,18734,9558,5539,1270,10955,1494,6508,269,5022,48084,3573,10864,602,3019,7154,1862,644
131,3795,4406,3120,28122,5055,4506,244,471,5054,5035,404,3914,314,15300,7028,3334,3733,6725,6134,6027,1334,6596,4051,7627,1969,504,6009,770,1839,1018,8597,1531,1165,12836,7615,5770,1315,9557,1281,4016,172,3723,40515,3981,9702,529,2890,7382,1133,432
63,2122,6687,1528,23475,3863,2823,225,361,4383,3812,529,3094,612,13704,5641,2631,3385,3640,4054,5826,1469,5142,4237,10165,1665,762,4724,1046,1050,805,6430,795,1034,9702,7410,4877,1575,8479,785,3179,232,3894,30567,2846,7116,471,3625,6293,1202,432
432,1955,3788,1213,18125,3607,2266,226,207,6120,4586,451,3035,742,11421,5230,1724,3023,4022,3100,4933,1284,4783,3659,9961,1238,938,2857,735,1143,468,7305,629,639,6869,5707,3684,2041,7101,590,3773,234,6805,27647,2810,5318,407,5046,5696,1538,206
0,1589,1843,1119,9618,2944,1850,223,69,3323,4428,351,2188,648,8438,2462,680,2387,2359,3571,3915,1083,4022,2462,5779,657,632,2758,690,1164,211,6818,908,507,9277,3778,3321,1691,6328,281,3604,192,6182,14920,2166,9129,358,2423,5836,992,101
0,783,1113,406,3298,1091,865,117,38,2019,2369,322,1017,328,3053,1579,718,874,1764,1620,1661,891,1154,811,1545,70,348,1328,475,931,67,4312,213,36,6051,2144,1553,998,5053,55,1330,154,1411,7412,1656,4791,217,784,3009,494,112
0,220,414,129,615,225,199,40,2,540,910,133,76,249,436,98,907,162,384,287,483,171,242,182,337,0,122,411,119,67,9,1699,27,0,1571,346,526,306,1085,5,297,12,381,1533,244,452,147,209,785,146,0
0,52,48,0,453,21,24,13,1,254,360,152,98,150,558,19,105,11,178,139,66,16,55,96,35,0,3,98,20,64,4,622,5,0,820,112,121,29,557,0,109,0,0,638,68,43,89,34,144,70,0
0,28,40,0,169,0,0,5,0,41,258,87,0,0,306,0,0,22,0,61,0,0,25,0,12,0,5,43,3,0,1,188,0,0,0,61,156,6,133,0,0,0,191,629,21,106,10,0,31,2,0
0,15,0,57,0,15,34,0,0,106,124,62,14,0,0,4,57,0,0,37,0,0,17,0,16,0,0,0,4,0,0,0,0,0,0,18,64,0,0,0,0,0,0,169,0,103,39,0,0,0,0
0,12,0,0,44,18,0,0,0,8,31,0,0,118,257,8,0,9,0,15,0,0,11,0,0,0,0,0,0,0,0,0,0,0,50,0,0,8,0,0,0,0,0,171,10,0,3,0,14,0,0
0,0,0,0,0,0,21,0,0,11,31,0,0,254,376,4,84,0,0,50,0,0,0,0,14,0,0,0,0,0,0,0,0,0,0,12,0,6,0,0,0,3,0,54,0,0,0,0,21,0,0
0,0,0,0,0,0,0,0,0,16,95,0,32,0,182,0,0,0,0,0,0,0,4,45,2,197,0,0,0,0,0,0,0,0,0,9,0,0,0,0,0,0,0,225,0,0,8,0,0,0,0
0,0,0,0,64,0,0,0,0,48,44,0,0,162,157,0,0,0,0,0,0,0,6,0,0,0,0,32,0,0,0,0,0,0,0,0,28,0,211,0,0,0,0,89,0,0,20,0,34,0,0
0,14,0,0,0,0,11,0,0,63,115,0,0,0,161,0,0,0,0,0,0,0,0,0,0,0,0,0,0,0,0,0,0,0,0,0,0,0,0,0,0,0,0,128,0,0,6,0,0,0,0
0,0,0,0,0,5,0,0,0,176,0,0,0,0,0,0,0,0,0,0,0,0,18,0,0,0,0,0,0,0,0,0,0,0,0,0,0,0,0,0,0,0,0,36,0,0,4,0,0,0,0
0,36,0,0,0,0,0,0,0,0,72,0,0,0,0,0,0,0,0,0,0,0,8,0,1,0,0,26,0,0,0,0,0,0,0,0,0,0,0,0,0,0,0,40,117,0,0,0,0,0,0
0,0,0,0,0,0,0,0,0,188,88,0,0,0,0,42,0,0,0,0,0,0,0,0,0,0,0,35,0,0,0,0,0,0,13,14,0,0,0,0,0,0,0,238,0,0,0,0,0,0,0
0,0,0,0,0,0,0,0,0,131,46,0,0,0,86,68,0,0,0,0,0,0,21,0,0,0,0,0,0,0,0,0,0,0,0,31,0,0,0,0,0,0,0,334,0,0,0,0,0,0,0
0,0,0,0,0,0,0,0,0,151,0,0,88,0,80,37,0,0,0,0,0,0,0,0,0,0,0,0,0,0,0,0,0,0,0,10,0,0,0,0,0,0,0,519,0,0,0,0,0,0,0
0,0,0,0,0,0,0,0,0,69,165,2,0,0,189,0,0,0,0,0,0,0,0,0,0,0,0,21,0,0,0,0,0,0,0,0,0,0,0,0,0,0,0,209,0,0,0,0,0,0,0
0,25,0,0,0,0,0,0,0,0,0,3,0,0,0,14,0,0,0,0,0,0,0,0,0,0,0,25,0,0,0,0,0,0,0,23,0,25,0,0,0,0,0,157,0,0,0,0,0,0,0
0,0,0,0,0,0,0,0,0,832,0,0,0,0,0,0,0,0,0,0,0,0,0,0,21,0,0,32,0,0,0,0,0,0,0,33,0,0,0,0,0,0,0,544,25,0,0,0,0,0,0
0,0,0,0,0,0,0,0,0,92,0,0,0,0,0,0,0,0,0,0,0,0,0,0,0,0,0,0,0,0,0,0,0,0,0,40,0,0,0,0,0,0,0,332,0,0,0,0,0,0,0
0,0,0,0,0,0,0,0,0,0,0,4,0,0,0,0,75,0,0,0,0,0,0,0,0,0,0,23,0,0,0,0,0,0,0,0,0,0,0,0,0,0,0,139,12,0,0,0,0,0,0
0,0,0,0,211,0,0,0,0,55,128,2,0,0,0,0,0,0,0,0,0,0,0,0,9,0,0,0,0,0,0,0,0,0,0,10,0,161,0,0,0,0,0,137,0,0,0,0,0,0,0
0,0,0,0,91,0,0,0,0,165,0,0,0,0,313,0,0,0,0,0,0,0,0,0,0,0,0,0,0,0,0,0,0,0,0,0,0,0,0,0,0,0,0,106,0,0,0,0,0,0,0
0,0,0,0,141,0,0,0,0,55,263,0,0,0,0,0,0,0,0,0,0,0,0,0,0,0,0,0,0,0,0,0,0,0,0,29,0,0,0,0,0,0,329,85,0,0,0,0,0,0,0
0,0,0,0,0,0,0,0,0,562,261,0,0,0,0,0,0,0,0,0,0,0,0,0,0,394,0,28,0,0,0,0,0,0,0,19,0,0,0,0,0,0,0,58,0,0,0,0,0,0,0
0,0,0,22,0,0,0,0,0,102,0,1,0,0,132,0,0,0,0,0,0,0,0,0,0,0,0,0,0,0,0,0,0,0,0,12,0,0,0,0,0,0,0,186,0,0,0,0,0,0,0
0,0,0,0,0,0,0,0,0,288,0,3,0,0,0,0,0,0,0,0,0,0,0,0,0,0,0,23,0,0,0,0,0,0,0,0,0,0,0,0,0,0,0,156,0,0,10,0,0,0,0
0,30,0,0,60,4,0,0,0,115,301,0,0,0,262,0,0,0,0,0,0,0,0,0,7,0,0,18,0,0,0,0,0,0,40,6,0,0,0,0,0,0,0,355,0,0,0,0,0,0,0
0,0,0,0,0,0,0,0,0,190,0,0,0,0,0,0,0,0,0,0,0,0,0,0,0,0,0,26,0,0,0,0,0,0,0,0,18,0,0,0,0,0,0,369,0,0,0,0,0,0,0
0,0,0,0,44,0,0,0,0,97,112,0,0,0,215,0,0,0,0,0,0,0,0,0,0,0,0,33,0,0,0,0,0,0,0,24,0,0,0,0,95,0,0,358,0,0,0,0,0,12,0
0,0,0,0,76,0,0,0,0,131,63,2,0,0,234,15,0,0,0,0,0,0,0,15,0,0,0,72,0,47,0,0,0,0,0,20,0,27,0,0,142,0,0,421,0,0,7,0,12,4,0
0,85,0,0,25,9,0,0,0,137,59,0,0,0,0,0,0,0,0,5,0,0,0,0,12,73,0,0,0,0,0,0,26,0,26,25,0,24,0,0,132,0,0,229,0,0,6,0,16,1,0
0,0,0,0,27,3,0,0,0,46,32,2,0,0,92,0,0,0,0,0,0,0,0,0,0,0,0,22,0,0,0,0,0,0,20,48,0,21,0,0,69,0,0,233,0,0,0,0,12,0,0
0,0,0,21,212,2,0,0,0,117,26,0,0,0,0,0,0,0,0,0,0,0,0,6,0,0,0,0,0,0,0,0,0,0,0,19,0,5,0,0,66,0,0,247,9,0,0,16,0,2,0
0,35,0,0,62,0,0,0,0,0,313,0,0,0,113,0,0,0,0,0,0,0,3,0,0,0,0,0,0,0,0,0,0,0,11,25,0,6,0,0,98,0,0,255,0,0,0,0,3,3,0
0,0,0,0,58,0,0,0,0,96,171,0,0,32,246,0,0,0,0,6,0,0,0,0,6,0,0,0,0,0,0,0,0,0,4,18,0,9,0,0,67,0,0,426,20,0,22,0,4,3,0
0,44,12,34,21,2,0,0,0,212,163,0,0,41,373,0,0,8,0,9,0,0,4,0,0,177,0,42,0,0,0,0,12,0,4,50,0,0,0,0,133,0,0,423,0,0,0,6,2,2,0
0,0,0,0,9,0,0,0,0,81,183,1,0,21,0,13,0,0,0,0,0,0,6,0,0,0,0,0,0,0,0,0,0,0,4,0,6,0,0,0,166,0,0,382,0,0,0,0,3,1,0
0,30,11,0,32,2,0,0,0,200,164,1,0,28,98,0,27,0,0,10,15,0,2,0,7,0,0,53,0,0,0,0,0,0,0,19,11,4,0,0,81,0,0,573,12,0,0,0,0,0,0
0,93,20,0,45,1,0,0,0,46,91,0,0,0,110,0,12,0,0,0,0,0,0,0,2,0,0,21,0,0,0,0,0,0,15,26,0,6,0,0,55,0,0,619,0,0,0,8,2,3,0
0,24,9,0,36,0,0,0,0,477,95,0,0,12,0,0,0,0,0,4,7,0,0,2,4,108,0,39,0,0,0,0,0,0,0,0,0,0,0,0,65,0,0,869,0,0,4,0,1,5,0
0,33,16,0,45,0,0,0,0,111,134,0,0,10,185,0,0,0,0,0,8,0,4,1,0,0,0,0,0,50,0,0,0,0,9,64,0,4,26,0,79,0,0,652,0,0,0,0,1,6,0
0,48,13,0,74,1,0,0,0,0,183,0,0,0,84,0,0,0,38,5,6,0,3,0,0,0,0,0,0,0,0,0,1,0,10,0,0,2,0,0,67,0,219,790,0,0,0,7,0,0,0
0,43,0,0,42,0,0,0,0,119,77,0,0,20,72,0,0,0,0,0,0,0,2,0,2,0,0,0,0,0,0,0,0,0,8,6,0,4,0,0,62,0,0,927,0,0,0,0,0,1,0
0,75,0,0,7,0,0,0,0,52,15,0,0,10,94,0,0,0,0,0,6,0,0,0,0,0,0,0,0,0,0,0,2,0,0,5,0,2,0,0,65,0,0,417,0,0,0,0,0,5,0
0,59,0,0,3,0,0,0,0,158,56,0,0,0,91,0,0,0,0,3,6,0,0,0,3,0,0,0,0,0,0,0,0,0,5,0,12,1,9,0,61,0,0,632,0,0,0,0,2,1,0
0,21,0,0,5,0,0,0,0,110,132,0,0,0,0,0,0,0,0,0,16,0,2,0,3,0,0,28,0,0,0,0,0,0,0,0,0,2,0,0,15,0,141,335,0,0,0,0,1,2,0
0,14,0,0,14,0,0,0,0,134,77,0,0,13,80,0,0,0,0,0,0,0,0,9,2,0,0,0,0,0,0,0,0,0,0,0,0,1,0,0,22,0,0,895,0,0,0,0,3,0,0
0,34,25,0,14,0,0,0,0,66,34,0,0,0,0,9,0,0,0,3,0,0,3,0,2,90,0,33,0,0,0,0,1,0,0,0,0,0,0,0,13,0,0,283,0,0,1,0,2,1,0
0,0,0,0,22,0,0,0,0,0,43,1,0,0,61,0,0,0,0,3,10,0,0,0,0,209,0,0,0,0,0,0,1,0,0,5,0,2,9,0,0,0,0,402,0,0,0,0,1,0,0
0,0,0,0,10,2,0,0,0,61,22,0,0,0,0,0,0,0,0,0,0,0,2,3,1,0,0,37,0,0,0,0,2,0,3,4,0,1,0,0,104,0,0,72,0,0,0,0,2,0,0
0,22,0,0,11,0,0,0,0,57,40,0,0,0,138,0,0,0,0,0,4,2,0,0,1,0,0,0,0,0,0,0,1,0,0,9,0,1,0,0,36,0,0,17,0,0,0,0,1,0,0
0,38,0,0,3,0,0,0,0,191,36,0,0,0,39,0,0,0,0,7,0,0,0,3,0,0,0,0,0,0,0,0,3,0,0,0,0,1,0,0,0,0,0,78,0,0,0,0,1,0,0
0,0,8,0,8,0,0,0,0,267,35,1,0,9,0,0,28,0,0,10,5,0,0,0,1,190,0,0,0,0,0,0,1,0,4,5,0,1,0,0,0,0,0,114,0,0,0,0,2,0,0
0,55,0,0,0,0,0,0,0,111,10,3,0,0,52,0,29,0,0,0,5,0,3,2,2,64,0,0,0,0,0,0,0,0,0,0,0,1,0,0,0,0,0,56,0,0,0,0,3,3,0
0,23,0,0,0,0,0,0,0,104,51,0,0,0,0,0,0,0,0,0,0,0,2,0,0,0,0,0,0,0,0,0,1,0,0,0,0,1,10,0,12,0,0,30,0,0,1,0,1,1,0
0,45,0,0,34,0,0,0,0,43,88,0,0,0,0,0,0,0,0,0,0,0,0,0,2,0,0,31,0,0,0,0,1,0,0,0,0,1,0,0,0,0,0,49,0,0,0,0,0,1,0
0,13,0,0,14,0,0,0,0,79,49,0,4,0,0,0,0,0,0,0,0,0,11,0,0,0,0,33,0,0,0,0,0,0,4,0,0,0,10,0,0,0,157,26,0,0,1,0,2,0,0
0,16,0,0,21,0,0,0,0,48,67,0,0,0,0,0,0,0,0,0,5,0,0,0,2,0,0,38,0,0,0,0,0,0,0,0,0,1,0,0,9,0,0,66,0,0,0,0,8,0,0
0,20,0,0,11,0,0,0,0,63,100,4,0,0,0,0,0,0,0,0,0,0,0,0,0,0,0,37,0,0,0,0,0,0,0,0,0,1,0,0,0,0,0,76,0,0,1,0,7,0,0
0,0,0,0,11,0,0,0,0,622,98,0,0,0,0,0,0,0,0,6,0,0,0,0,0,0,0,0,0,0,0,0,0,0,0,0,0,0,17,0,0,0,0,46,0,0,5,0,1,0,0
0,45,0,0,0,0,0,0,0,383,137,3,0,14,96,0,0,0,0,4,4,0,0,0,0,0,0,0,0,0,0,0,0,0,0,0,0,0,0,0,13,0,0,45,0,0,2,0,2,0,0
0,18,0,0,53,0,0,0,0,449,152,5,0,12,0,0,0,0,0,0,0,0,0,0,0,189,0,40,0,0,0,0,1,0,0,0,0,0,0,0,6,0,221,55,0,0,0,0,14,0,0
0,17,0,0,0,3,0,0,0,136,196,4,0,0,0,0,0,0,0,0,4,0,0,0,0,0,0,40,0,0,0,0,1,0,0,0,0,1,0,0,0,0,0,118,0,0,0,0,19,0,0
0,16,0,0,0,0,0,0,0,72,115,0,0,0,46,0,0,0,0,0,0,0,0,0,0,0,0,42,0,0,0,0,2,0,0,0,0,0,0,0,0,0,139,53,0,0,0,0,15,0,0
0,0,0,0,0,0,0,0,0,69,75,0,0,0,67,0,0,0,0,0,0,0,0,0,2,0,0,42,0,0,0,0,2,0,5,0,0,0,0,0,34,0,0,65,0,0,0,0,15,0,0
0,12,0,0,0,0,0,0,0,62,24,0,0,0,82,0,0,0,0,0,0,0,0,2,0,0,0,41,0,0,0,0,0,0,0,0,0,0,35,0,0,0,0,42,0,0,0,0,15,0,0
0,16,0,0,37,0,0,0,0,150,47,0,0,0,107,0,0,0,0,0,0,0,0,0,5,0,0,45,0,0,0,0,0,0,10,0,0,1,0,0,0,0,0,68,0,0,0,0,18,0,0
0,0,0,0,0,0,0,0,0,143,113,0,0,0,0,0,0,0,0,0,0,0,0,0,0,0,0,54,0,0,0,0,1,0,6,0,0,1,0,0,0,0,0,49,0,0,0,0,2,0,0
0,0,0,0,0,0,0,0,0,0,25,0,0,0,0,0,0,0,0,0,0,0,0,0,0,0,0,0,0,0,0,0,1,0,7,0,2,2,0,0,0,0,0,62,0,0,0,0,0,0,0
0,19,0,0,44,0,0,0,0,0,26,0,0,0,0,0,0,0,0,22,0,0,5,0,0,0,1,0,0,0,0,0,1,0,0,0,0,1,13,0,0,0,0,150,0,0,0,0,2,0,0
0,0,0,0,0,0,4,0,0,0,98,0,0,0,0,0,0,0,0,0,0,0,0,0,0,0,0,0,0,0,0,0,3,0,0,11,0,0,13,0,27,0,0,73,0,0,0,0,2,0,0
0,15,0,0,0,0,0,0,0,81,87,6,0,0,0,20,17,0,0,0,0,0,6,0,0,0,0,85,0,0,0,0,0,0,0,0,10,0,0,0,0,0,0,123,0,0,0,0,2,0,0
0,0,0,0,62,0,0,0,0,187,390,10,0,0,0,19,0,9,0,0,0,0,0,0,5,0,0,0,0,0,0,0,0,0,0,0,8,0,0,0,23,0,0,161,0,0,0,0,3,0,0
0,0,0,0,29,0,0,0,0,0,125,0,0,0,55,0,0,0,0,0,0,0,0,0,0,0,0,0,0,0,0,0,0,0,0,0,0,0,0,0,107,0,0,106,0,0,0,0,0,0,0
0,0,0,0,0,0,0,0,0,0,438,0,0,0,0,0,0,0,0,0,0,0,0,0,0,1948,0,97,0,0,0,0,0,0,9,9,0,1,0,0,24,0,0,100,0,0,0,0,4,0,0
0,0,0,0,26,13,0,0,0,576,151,7,0,0,0,0,0,0,0,0,0,0,0,0,0,0,0,203,0,0,0,0,0,0,0,0,0,0,0,0,0,0,0,68,0,0,0,7,5,0,0
0,0,0,18,216,0,0,0,0,480,85,4,1,0,77,0,0,0,0,0,0,0,0,2,0,0,0,0,0,0,0,0,0,0,3,0,0,1,0,0,84,0,0,109,0,0,0,0,2,0,0
0,0,0,0,157,0,0,0,0,0,0,0,0,0,0,0,0,0,0,0,0,0,0,0,0,0,0,0,0,0,0,0,0,0,4,10,0,0,0,0,0,0,0,129,0,0,0,7,2,0,0
0,0,0,0,28,0,7,0,0,408,112,5,0,0,0,0,0,0,0,0,11,0,0,0,6,0,0,75,0,0,0,0,3,0,10,0,0,1,0,0,14,1,0,23,0,34,5,0,1,0,0
0,0,0,0,94,0,0,0,0,0,25,0,0,0,34,0,0,0,0,0,0,0,0,10,0,98,0,0,0,0,0,0,0,0,0,32,0,0,18,0,14,0,0,81,0,99,0,0,1,0,0
0,0,0,67,144,0,6,0,0,277,139,0,0,0,0,0,0,0,0,5,0,0,0,12,6,0,0,0,0,0,0,0,1,0,15,7,0,0,18,0,0,0,0,91,0,0,3,0,3,0,0
0,0,0,0,217,0,6,0,0,104,114,0,2,0,26,0,0,0,0,5,38,0,0,35,0,0,0,0,0,0,0,0,1,0,26,11,0,0,0,0,110,1,0,50,0,0,0,0,11,0,0
0,0,11,0,174,0,0,0,0,55,97,0,0,0,69,0,0,0,11,4,0,0,0,19,0,0,2,0,0,0,0,0,1,0,32,89,0,0,0,0,30,0,0,53,0,27,0,0,2,3,0
0,0,20,0,100,4,0,0,0,53,44,0,0,0,0,0,0,0,12,5,0,0,0,17,6,0,0,0,0,0,0,0,0,0,29,42,0,2,0,0,0,0,0,117,0,0,0,0,10,1,0
0,35,0,0,143,13,14,1,0,188,133,0,0,0,67,13,0,4,30,0,430,0,0,17,6,112,0,0,0,0,0,10,1,0,13,54,3,3,18,0,0,0,187,102,0,22,0,8,3,0,0
0,33,0,0,174,0,15,1,0,499,231,2,0,0,0,14,0,4,14,20,11,0,80,47,3,0,4,0,0,37,0,8,1,0,81,32,5,2,0,1,92,0,0,47,0,249,0,0,12,0,0
0,0,0,24,233,22,40,2,0,1003,555,0,7,0,85,12,0,0,0,190,0,10,68,17,13,0,2,0,0,0,1,25,7,0,170,252,0,4,74,1,159,1,0,211,0,492,6,20,4,2,0
0,19,0,20,332,48,54,6,0,665,916,0,8,18,40,105,0,31,30,162,7,12,79,19,13,286,3,0,0,0,1,70,8,0,313,357,5,4,122,7,187,2,331,1016,0,434,10,14,53,1,0
0,10,0,103,536,38,163,15,0,702,969,3,83,9,446,118,0,64,220,246,24,34,155,42,58,216,7,0,0,15,3,159,42,0,328,725,21,11,235,6,385,2,0,1129,0,572,12,29,192,9,0
0,21,39,368,937,110,419,38,0,1548,1152,0,107,7,433,233,14,204,127,555,130,49,194,404,202,234,16,0,0,72,16,500,135,0,946,1302,40,11,774,20,430,5,1459,1398,0,951,13,52,184,19,0
0,89,132,220,981,168,569,51,0,1439,2068,2,237,22,691,388,31,347,367,1019,95,123,195,853,269,356,20,0,0,189,47,676,109,0,1520,647,161,17,1036,31,519,7,1058,3049,0,709,51,58,284,30,0
0,77,186,490,1224,290,310,82,0,4488,2954,7,514,20,447,403,100,511,248,1389,186,212,248,1938,605,315,98,0,0,266,50,1354,246,0,2433,1485,570,14,2102,56,598,44,2743,5259,0,1225,42,110,499,83,0
0,80,278,830,1574,427,384,85,0,4649,4015,2,656,157,475,694,153,146,283,1268,336,131,617,2989,863,407,157,0,0,576,24,2356,342,0,1887,1195,762,32,1747,59,759,106,4054,4672,0,1673,21,126,651,64,215
0,36,150,668,1807,313,361,76,0,3341,2556,8,497,99,309,715,218,135,166,1023,292,76,508,2554,908,346,149,0,0,561,23,1708,468,0,1386,795,439,48,1691,40,426,149,2107,3529,0,1219,8,88,622,80,97
